n1=[37.4624735 50.782676 62.561962 75.140171;
98.275078 126.421375 164.637622 190.4702915;
234.2877575 287.5998765 339.5821605 386.83563;
487.737449 570.9514705 627.3521905 808.127056;
775.9181065 987.4442325 1076.248098 1151.183546;
1255.229928 1549.796367  1953.828098 1949.168473;
2325.409175 2218.463277 2516.557859 3099.813814;
2790.834173 3819.543009 3336.522133 3910.752955;
4556.662088 5028.218422 4842.154768 4975.138265;
5232.853292 6851.418508 7054.787611 8533.418947;];

n4=[213.954779 306.7658445 388.264928 469.372814;
244.1393385 352.2425805 433.1456325 536.9138745;
307.168799 419.762417 526.540555 637.7540835;
439.274786 553.497286 664.6615205 780.479879;
571.7020785 718.833134 882.396379 974.384924;
861.667445 1053.934139 1163.370226 1382.928004;
1250.93717 1441.155337 1627.896769 1767.393014;
1685.085627 2003.014462 2045.566914 2374.44169;
2185.784719 2500.459818 2689.6617 2977.183315;
3017.017381 3249.144907 3775.679793 3823.106551;
];

n6=[235.399246 326.7808885 415.0892915 504.298594;
245.7997155 343.238071 449.6450635 549.29314;
288.529328 390.485077 514.092923 590.7113945;
357.104137 482.390009 596.4154075 693.167072;
447.9016825 593.4154365 715.180197 826.5568215;
697.0877335 840.373559 996.855735 1073.060565;
855.1237915 1021.984186 1189.223612 1438.12011;
1149.473491 1342.623637 1479.035678 1635.585906;
1467.576057 1704.236967 1859.874144 1990.574516;
1947.135929 2200.5385 2427.400055 2622.266975;
];

n8=[252.748438 349.8332125 435.8846775  523.271945;
255.7268295 359.8001535 451.841332 560.6689845;
296.362763 418.0162595 510.030625 608.9004075;
335.7579545 449.2746195 562.3039325 661.609431;
425.853326 558.4773315 677.686495 758.9384275;
558.24398 692.921246 806.028665 937.252505;
718.6475825 898.21358 1051.11289 1223.421283;
927.8065305 1140.61003 1305.759631 1453.92905;
1242.798791 1402.13027 1610.925071 1749.602436;
1336.861666 1788.590553 2029.076785 2208.600021;
];

speedup4=n1./n4;
speedup6=n1./n6;
speedup8=n1./n8;
x=100:100:1000;

node4=[213.954779 306.7658445 388.264928 469.372814;
    213.954779 306.7658445 388.264928 469.372814;
    213.954779 306.7658445 388.264928 469.372814;
    213.954779 306.7658445 388.264928 469.372814;
    213.954779 306.7658445 388.264928 469.372814;
    213.954779 306.7658445 388.264928 469.372814;
    213.954779 306.7658445 388.264928 469.372814;
    213.954779 306.7658445 388.264928 469.372814;
    213.954779 306.7658445 388.264928 469.372814;
    213.954779 306.7658445 388.264928 469.372814;];
sizeup4=n4./node4;

node6=[235.399246 326.7808885 415.0892915 504.298594;
    235.399246 326.7808885 415.0892915 504.298594;
    235.399246 326.7808885 415.0892915 504.298594;
    235.399246 326.7808885 415.0892915 504.298594;
    235.399246 326.7808885 415.0892915 504.298594;
    235.399246 326.7808885 415.0892915 504.298594;
    235.399246 326.7808885 415.0892915 504.298594;
    235.399246 326.7808885 415.0892915 504.298594;
    235.399246 326.7808885 415.0892915 504.298594;
    235.399246 326.7808885 415.0892915 504.298594;];
sizeup6=n6./node6;

node8=[252.748438 349.8332125 435.8846775 523.271945;
252.748438 349.8332125 435.8846775 523.271945;
252.748438 349.8332125 435.8846775 523.271945;
252.748438 349.8332125 435.8846775 523.271945;
252.748438 349.8332125 435.8846775 523.271945;
252.748438 349.8332125 435.8846775 523.271945;
252.748438 349.8332125 435.8846775 523.271945;
252.748438 349.8332125 435.8846775 523.271945;
252.748438 349.8332125 435.8846775 523.271945;
252.748438 349.8332125 435.8846775 523.271945;   
];
sizeup8=n8./node8;
x2=1:1:10;




