af =

tribas


num =

   520


accuracy =

    0.9811
