af =

tribas


num =

   470


accuracy =

    0.9809