af =

tribas


num =

   380


accuracy =

    0.9810